%YAML:1.0
---
aruco_bc_dict: ARUCO_MIP_36h12
aruco_bc_nmarkers: 46
aruco_bc_mInfoType: 1
aruco_bc_markers:
   - { id:0, corners:[ [-1.73219772, 1.12400365, 0.64698452],
                       [-1.73615427, 1.12487819, 0.80693319],
                       [-1.57621371, 1.12307391, 0.81089912],
                       [-1.57225716, 1.12219937, 0.65095045] ]}
   - { id:1, corners:[ [0.46005138, 1.09544087, 0.71176356],
                       [0.46090673, 1.09421608, 0.87175658],
                       [0.62087943, 1.09139354, 0.87087956],
                       [0.62002409, 1.09261833, 0.71088653] ]}
   - { id:2, corners:[ [-0.70924103, 1.11191336, 0.69870017],
                       [-0.71619823, 1.11100753, 0.85854626],
                       [-0.55639366, 1.10721561, 0.86548021],
                       [-0.54943645, 1.10812144, 0.70563411] ]}
   - { id:3, corners:[ [0.26207169, -1.78452545, 0.55820441],
                       [0.26670039, -1.78345530, 0.71813386],
                       [0.10678318, -1.78117323, 0.72274677],
                       [0.10215448, -1.78224338, 0.56281731] ]}
   - { id:4, corners:[ [-0.82496156, -1.76898310, 0.56632996],
                       [-0.82784354, -1.76760083, 0.72629803],
                       [-0.98778718, -1.76450776, 0.72338998],
                       [-0.98490520, -1.76589003, 0.56342190] ]}
   - { id:7, corners:[ [3.97071825, -0.82412283, 0.86180013],
                       [3.97639684, -0.82095550, 0.70193231],
                       [3.97711581, -0.66098902, 0.70512713],
                       [3.97143722, -0.66415635, 0.86499495] ]}
   - { id:8, corners:[ [-1.93261459, -1.75194570, 0.73658307],
                       [-1.94113735, -1.75273419, 0.57681218],
                       [-1.78137615, -1.75473331, 0.56829976],
                       [-1.77285339, -1.75394482, 0.72807065] ]}
   - { id:9, corners:[ [1.69805659, 1.07741708, 0.85075794],
                       [1.69335579, 1.07683814, 0.69082806],
                       [1.53343910, 1.07898590, 0.69552078],
                       [1.53813991, 1.07956484, 0.85545066] ]}
   - { id:10, corners:[ [2.74661423, 1.05927879, 0.79177918],
                       [2.73504424, 1.05963196, 0.63219846],
                       [2.57549270, 1.06268501, 0.64377317],
                       [2.58706269, 1.06233184, 0.80335390] ]}
   - { id:11, corners:[ [3.99946556, 0.67375676, 0.74140231],
                       [3.99809985, 0.67940131, 0.58150774],
                       [4.00244404, 0.83924406, 0.58711338],
                       [4.00380975, 0.83359951, 0.74700795] ]}
   - { id:12, corners:[ [1.53594701, -1.80060577, 0.94245263],
                       [1.52592178, -1.79882022, 1.10212826],
                       [1.36624232, -1.79753347, 1.09208846],
                       [1.37626756, -1.79931902, 0.93241283] ]}
   - { id:13, corners:[ [2.37833561, -1.81297727, 0.94488465],
                       [2.37151830, -1.81264112, 1.10473899],
                       [2.21182518, -1.80546311, 1.09791355],
                       [2.21864250, -1.80579927, 0.93805921] ]}
   - { id:14, corners:[ [3.33907426, -1.83066920, 0.84971350],
                       [3.33177031, -1.82886174, 1.00953645],
                       [3.17197148, -1.82562632, 1.00219699],
                       [3.17927542, -1.82743378, 0.84237401] ]}
   - { id:15, corners:[ [-2.59309620, -1.74365726, 0.73798484],
                       [-2.59395276, -1.74145201, 0.89796735],
                       [-2.75394747, -1.74044749, 0.89709702],
                       [-2.75309091, -1.74265275, 0.73711453] ]}
   - { id:16, corners:[ [-2.65839980, 0.75606813, 0.34024070],
                       [-2.65025776, 0.75295311, 0.50000304],
                       [-2.49051473, 0.74911456, 0.49178736],
                       [-2.49865676, 0.75222958, 0.33202504] ]}
   - { id:20, corners:[ [-2.30581662, 1.02232605, 0.37872424],
                       [-2.30605024, 1.01970723, 0.21874581],
                       [-2.30650569, 0.85972935, 0.22136520],
                       [-2.30627207, 0.86234818, 0.38134362] ]}
   - { id:21, corners:[ [-0.97300450, 1.11363651, 0.39924277],
                       [-1.01544529, 1.11439216, 0.24497613],
                       [-1.16969419, 1.11672992, 0.28742356],
                       [-1.12725340, 1.11597426, 0.44169022] ]}
   - { id:22, corners:[ [0.05716282, 1.10093555, 0.49004350],
                       [0.15232374, 1.09832364, 0.36144502],
                       [0.02370607, 1.09809451, 0.26627446],
                       [-0.07145485, 1.10070642, 0.39487293] ]}
   - { id:23, corners:[ [1.17370050, 1.08486599, 0.47316231],
                       [1.18945346, 1.08508468, 0.31393986],
                       [1.03025515, 1.08791059, 0.29819319],
                       [1.01450219, 1.08769191, 0.45741562] ]}
   - { id:24, corners:[ [2.27057830, 1.06489743, 0.40869630],
                       [2.22170311, 1.06681918, 0.25635610],
                       [2.06939553, 1.07007707, 0.30526190],
                       [2.11827073, 1.06815532, 0.45760208] ]}
   - { id:25, corners:[ [3.35322708, 1.05018144, 0.42298664],
                       [3.48327519, 1.04744171, 0.32982026],
                       [3.39010501, 1.04809300, 0.19974767],
                       [3.26005690, 1.05083273, 0.29291401] ]}
   - { id:26, corners:[ [3.99878656, 0.70682281, 0.31236886],
                       [4.00009711, 0.78330391, 0.17183800],
                       [4.00508027, 0.92375178, 0.24832045],
                       [4.00376972, 0.84727068, 0.38885131] ]}
   - { id:27, corners:[ [3.97378201, -0.82094606, 0.34437608],
                       [3.97438047, -0.76448214, 0.19467149],
                       [3.97783870, -0.61481602, 0.25113471],
                       [3.97724023, -0.67127994, 0.40083933] ]}
   - { id:28, corners:[ [3.95928585, -1.50477655, 0.36012913],
                       [3.96189727, -1.42127521, 0.22367146],
                       [3.96376474, -1.28482449, 0.30720418],
                       [3.96115331, -1.36832583, 0.44366188] ]}
   - { id:29, corners:[ [3.96246391, -1.34284774, 0.86518357],
                       [3.96160921, -1.42163471, 0.72592884],
                       [3.96405191, -1.28240064, 0.64713854],
                       [3.96490661, -1.20361368, 0.78639328] ]}
   - { id:30, corners:[ [3.43720128, -1.83345270, 0.42308829],
                       [3.35975435, -1.83375895, 0.28308158],
                       [3.49974405, -1.83644768, 0.20564998],
                       [3.57719094, -1.83614144, 0.34565669] ]}
   - { id:31, corners:[ [2.72294547, -1.82117768, 0.41310538],
                       [2.75296103, -1.82212399, 0.25594887],
                       [2.91007276, -1.82587859, 0.28597848],
                       [2.88005720, -1.82493228, 0.44313500] ]}
   - { id:32, corners:[ [1.86797299, -1.80694045, 0.41168731],
                       [1.93388191, -1.80878843, 0.26590462],
                       [2.07965261, -1.81083414, 0.33183409],
                       [2.01374369, -1.80898616, 0.47761678] ]}
   - { id:33, corners:[ [0.88963336, -1.79082970, 0.71604873],
                       [0.85917000, -1.79125333, 0.55897613],
                       [1.01622546, -1.79374607, 0.52852279],
                       [1.04668881, -1.79332243, 0.68559539] ]}
   - { id:34, corners:[ [0.85735921, -1.79158603, 0.31993586],
                       [0.85050243, -1.79209519, 0.16008369],
                       [1.01034033, -1.79430624, 0.15323447],
                       [1.01719711, -1.79379709, 0.31308664] ]}
   - { id:35, corners:[ [-0.38091096, -1.77483540, 0.41014543],
                       [-0.45324493, -1.77348858, 0.26743588],
                       [-0.31055542, -1.77588204, 0.19508970],
                       [-0.23822145, -1.77722886, 0.33779924] ]}
   - { id:36, corners:[ [-1.49867379, -1.75921846, 0.32409084],
                       [-1.40207316, -1.76131173, 0.19656056],
